3 0.14375 0.7138888888888889 0.1234375 0.10555555555555556
5 0.566015625 0.8729166666666667 0.09765625 0.13194444444444445
2 0.3921875 0.5111111111111111 0.1171875 0.11388888888888889
1 0.3 0.3638888888888889 0.0890625 0.11944444444444445
3 0.31328125 0.2902777777777778 0.0625 0.05555555555555555
4 0.529296875 0.1736111111111111 0.03515625 0.08333333333333333
4 0.661328125 0.18541666666666667 0.03203125 0.06527777777777778
0 0.949609375 0.25763888888888886 0.04765625 0.10694444444444444
0 0.95546875 0.1798611111111111 0.06875 0.043055555555555555
0 0.896875 0.020833333333333332 0.0984375 0.03888888888888889
